44910678
294606839
321158145
343943356
418790600
434296971
565638539
572741927
837305868
1074569965
1211538067
1280537514
1323862811
1324220373
1327495688
1339437390
1355345017
1357045326
1360759335
1364824833
1403668148
1478334486
1564793067
1610225980
1614688503
1655124528
1696492577
1762409381
1784757712
1795362943
1801489569
1830603445
1872505506
1950154998
1974085570
2041622587
2044232652
2060318347
2064330035
2078194374
2090351134
2122628464
2135531679
2167483205
2175525451
2180938643
2198811891
2214855791
2235758238
2237157861
2262954586
2308527843
2317097610
2326894249
2364291969
2375696272
2381578892
2393147533
2503706720
2507469316
2523935224
2558566409
2562710235
2581606507
2642155144
2696551818
2780019451
2792250078
2813087247
2938235157
2944355065
2952472372
2965093984
2967993867
3023899416
3079687329
3115078271
3121997885
3126243430
3130653261
3135855375
3150315709
3161620179
3167682315
3186214481
3247654538
3318459574
3320798462
3321421086
3348334984
3354982168
3362473348
3364624043
3388582472
3394694001
3395648350
3412464423
3417648031
3467285459
3470152637
3473407090
3487992381
3496182213
3516999356
3544526420
3554452993
3558359758
3564892830
3571411085
